631.029	1	1	132
631.115	1	1	143
631.201	1	1	145
631.288	1	1	145
631.374	1	1	147
631.460	1	1	154
631.547	1	1	151
631.633	1	1	153
631.719	1	1	149
631.805	1	1	147
631.892	1	1	150
631.978	1	1	155
632.064	1	1	153
632.151	1	1	149
632.237	1	1	151
632.323	1	1	154
632.409	1	1	145
632.496	1	1	157
632.582	1	1	162
632.668	1	1	159
632.754	1	1	157
632.841	1	1	157
632.927	1	1	162
633.013	1	1	164
633.099	1	1	171
633.185	1	1	172
633.272	1	1	184
633.358	1	1	170
633.444	1	1	179
633.530	1	1	176
633.616	1	1	186
633.702	1	1	191
633.789	1	1	188
633.875	1	1	176
633.961	1	1	206
634.047	1	1	197
634.133	1	1	203
634.219	1	1	199
634.305	1	1	209
634.391	1	1	201
634.478	1	1	195
634.564	1	1	200
634.650	1	1	204
634.736	1	1	188
634.822	1	1	190
634.908	1	1	202
634.994	1	1	204
635.080	1	1	196
635.166	1	1	208
635.252	1	1	198
635.338	1	1	199
635.424	1	1	202
635.510	1	1	198
635.596	1	1	199
635.682	1	1	198
635.768	1	1	194
635.854	1	1	211
635.940	1	1	218
636.026	1	1	228
636.112	1	1	230
636.198	1	1	252
636.284	1	1	259
636.370	1	1	256
636.456	1	1	282
636.542	1	1	299
636.628	1	1	307
636.714	1	1	345
636.800	1	1	366
636.886	1	1	379
636.972	1	1	377
637.058	1	1	426
637.143	1	1	430
637.229	1	1	449
637.315	1	1	445
637.401	1	1	502
637.487	1	1	555
637.573	1	1	581
637.659	1	1	615
637.745	1	1	644
637.830	1	1	638
637.916	1	1	729
638.002	1	1	730
638.088	1	1	755
638.174	1	1	805
638.260	1	1	801
638.345	1	1	856
638.431	1	1	882
638.517	1	1	926
638.603	1	1	941
638.689	1	1	954
638.774	1	1	1016
638.860	1	1	1016
638.946	1	1	1017
639.032	1	1	1076
639.118	1	1	1034
639.203	1	1	1083
639.289	1	1	1047
639.375	1	1	1040
639.461	1	1	971
639.546	1	1	959
639.632	1	1	923
639.718	1	1	921
639.803	1	1	890
639.889	1	1	855
639.975	1	1	859
640.060	1	1	829
640.146	1	1	844
640.232	1	1	788
640.318	1	1	728
640.403	1	1	654
640.489	1	1	581
640.574	1	1	516
640.660	1	1	468
640.746	1	1	457
640.831	1	1	517
640.917	1	1	542
641.003	1	1	555
641.088	1	1	571
641.174	1	1	566
641.259	1	1	498
641.345	1	1	437
641.431	1	1	416
641.516	1	1	392
641.602	1	1	402
641.687	1	1	413
641.773	1	1	472
641.859	1	1	565
641.944	1	1	684
642.030	1	1	775
642.115	1	1	877
642.201	1	1	936
642.286	1	1	929
642.372	1	1	865
642.457	1	1	721
642.543	1	1	583
642.628	1	1	409
642.714	1	1	326
642.799	1	1	261
642.885	1	1	229
642.970	1	1	222
643.056	1	1	233
643.141	1	1	279
643.227	1	1	377
643.312	1	1	582
643.397	1	1	907
643.483	1	1	1426
643.568	1	1	2074
643.654	1	1	2712
643.739	1	1	3371
643.825	1	1	3766
643.910	1	1	4295
643.995	1	1	4697
644.081	1	1	5352
644.166	1	1	6283
644.252	1	1	7232
644.337	1	1	8536
644.422	1	1	10018
644.508	1	1	11163
644.593	1	1	12279
644.678	1	1	12989
644.764	1	1	13614
644.849	1	1	13668
644.934	1	1	13834
645.020	1	1	14001
645.105	1	1	13569
645.190	1	1	13490
645.276	1	1	13087
645.361	1	1	12255
645.446	1	1	11525
645.531	1	1	10616
645.617	1	1	9543
645.702	1	1	8281
645.787	1	1	7068
645.873	1	1	5851
645.958	1	1	4751
646.043	1	1	3700
646.128	1	1	2716
646.214	1	1	2003
646.299	1	1	1452
646.384	1	1	936
646.469	1	1	665
646.554	1	1	424
646.640	1	1	321
646.725	1	1	252
646.810	1	1	212
646.895	1	1	205
646.980	1	1	193
647.066	1	1	192
647.151	1	1	187
647.236	1	1	199
647.321	1	1	218
647.406	1	1	207
647.491	1	1	203
647.576	1	1	213
647.662	1	1	223
647.747	1	1	228
647.832	1	1	266
647.917	1	1	307
648.002	1	1	382
648.087	1	1	462
648.172	1	1	620
648.257	1	1	771
648.342	1	1	1039
648.427	1	1	1270
648.512	1	1	1630
648.598	1	1	1913
648.683	1	1	2325
648.768	1	1	2626
648.853	1	1	2792
648.938	1	1	3210
649.023	1	1	3508
649.108	1	1	3728
649.193	1	1	3890
649.278	1	1	4088
649.363	1	1	4109
649.448	1	1	4096
649.533	1	1	4116
649.618	1	1	3793
649.703	1	1	3480
649.788	1	1	3002
649.873	1	1	2765
649.958	1	1	2356
650.043	1	1	2033
650.127	1	1	1833
650.212	1	1	1618
650.297	1	1	1575
650.382	1	1	1639
650.467	1	1	1753
650.552	1	1	1908
650.637	1	1	2354
650.722	1	1	2864
650.807	1	1	3470
650.892	1	1	3966
650.977	1	1	4621
651.061	1	1	5294
651.146	1	1	5671
651.231	1	1	6079
651.316	1	1	6156
651.401	1	1	6135
651.486	1	1	6432
651.571	1	1	6348
651.655	1	1	6182
651.740	1	1	6085
651.825	1	1	6014
651.910	1	1	5784
651.995	1	1	5588
652.079	1	1	5485
652.164	1	1	5212
652.249	1	1	4986
652.334	1	1	4883
652.419	1	1	4529
652.503	1	1	4621
652.588	1	1	4397
652.673	1	1	4309
652.758	1	1	4016
652.842	1	1	3854
652.927	1	1	3747
653.012	1	1	3532
653.096	1	1	3315
653.181	1	1	3156
653.266	1	1	3066
653.351	1	1	2921
653.435	1	1	2785
653.520	1	1	2649
653.605	1	1	2468
653.689	1	1	2353
653.774	1	1	2240
653.859	1	1	2175
653.943	1	1	1990
654.028	1	1	1894
654.113	1	1	1810
654.197	1	1	1744
654.282	1	1	1662
654.367	1	1	1570
654.451	1	1	1467
654.536	1	1	1431
654.620	1	1	1337
654.705	1	1	1255
654.790	1	1	1171
654.874	1	1	1141
654.959	1	1	1119
655.043	1	1	1038
655.128	1	1	955
655.212	1	1	898
655.297	1	1	862
655.382	1	1	847
655.466	1	1	768
655.551	1	1	763
655.635	1	1	718
655.720	1	1	685
655.804	1	1	689
655.889	1	1	622
655.973	1	1	578
656.058	1	1	585
656.142	1	1	572
656.227	1	1	538
656.311	1	1	563
656.396	1	1	531
656.480	1	1	498
656.565	1	1	499
656.649	1	1	458
656.734	1	1	459
656.818	1	1	457
656.902	1	1	431
656.987	1	1	420
657.071	1	1	408
657.156	1	1	389
657.240	1	1	373
657.325	1	1	365
657.409	1	1	387
657.493	1	1	338
657.578	1	1	348
657.662	1	1	345
657.746	1	1	300
657.831	1	1	317
657.915	1	1	288
658.000	1	1	303
658.084	1	1	297
658.168	1	1	259
658.253	1	1	294
658.337	1	1	261
658.421	1	1	264
658.506	1	1	250
658.590	1	1	244
658.674	1	1	253
658.758	1	1	243
658.843	1	1	236
658.927	1	1	226
659.011	1	1	234
659.096	1	1	236
659.180	1	1	227
659.264	1	1	224
659.348	1	1	218
659.433	1	1	226
659.517	1	1	213
659.601	1	1	191
659.685	1	1	205
659.770	1	1	204
659.854	1	1	195
659.938	1	1	204
660.022	1	1	195
660.106	1	1	185
660.191	1	1	190
660.275	1	1	188
660.359	1	1	189
660.443	1	1	180
660.527	1	1	170
660.611	1	1	191
660.696	1	1	167
660.780	1	1	160
660.864	1	1	181
660.948	1	1	171
661.032	1	1	168
661.116	1	1	161
661.200	1	1	162
661.284	1	1	154
661.369	1	1	164
661.453	1	1	159
661.537	1	1	160
661.621	1	1	159
661.705	1	1	154
661.789	1	1	153
661.873	1	1	161
661.957	1	1	154
662.041	1	1	155
662.125	1	1	155
662.209	1	1	150
662.293	1	1	149
662.377	1	1	150
662.461	1	1	155
662.545	1	1	148
662.629	1	1	161
662.713	1	1	152
662.797	1	1	153
662.881	1	1	146
662.965	1	1	148
663.049	1	1	155
663.133	1	1	147
663.217	1	1	153
663.301	1	1	144
663.385	1	1	153
663.469	1	1	146
663.553	1	1	146
663.637	1	1	148
663.721	1	1	146
663.805	1	1	153
663.889	1	1	148
663.973	1	1	145
664.057	1	1	154
664.140	1	1	144
664.224	1	1	146
664.308	1	1	150
664.392	1	1	148
664.476	1	1	148
664.560	1	1	145
664.644	1	1	144
664.727	1	1	144
664.811	1	1	140
664.895	1	1	143
664.979	1	1	148
665.063	1	1	141
665.147	1	1	143
665.230	1	1	144
665.314	1	1	140
665.398	1	1	141
665.482	1	1	148
665.566	1	1	145
665.649	1	1	142
665.733	1	1	146
665.817	1	1	143
665.901	1	1	155
665.984	1	1	140
666.068	1	1	139
666.152	1	1	146
666.236	1	1	142
666.319	1	1	135
666.403	1	1	143
666.487	1	1	136
666.571	1	1	138
666.654	1	1	139
666.738	1	1	154
666.822	1	1	137
666.905	1	1	138
666.989	1	1	141
667.073	1	1	142
667.156	1	1	149
667.240	1	1	153
667.324	1	1	147
667.407	1	1	147
667.491	1	1	152
667.575	1	1	148
667.658	1	1	148
667.742	1	1	139
667.825	1	1	156
667.909	1	1	148
667.993	1	1	152
668.076	1	1	145
668.160	1	1	154
668.243	1	1	149
668.327	1	1	151
668.411	1	1	158
668.494	1	1	151
668.578	1	1	148
668.661	1	1	147
