631.029	1	1	125
631.115	1	1	124
631.201	1	1	133
631.288	1	1	128
631.374	1	1	128
631.460	1	1	128
631.547	1	1	129
631.633	1	1	129
631.719	1	1	132
631.805	1	1	125
631.892	1	1	137
631.978	1	1	131
632.064	1	1	128
632.151	1	1	129
632.237	1	1	131
632.323	1	1	126
632.409	1	1	129
632.496	1	1	129
632.582	1	1	126
632.668	1	1	130
632.754	1	1	130
632.841	1	1	129
632.927	1	1	131
633.013	1	1	133
633.099	1	1	131
633.185	1	1	135
633.272	1	1	128
633.358	1	1	127
633.444	1	1	130
633.530	1	1	129
633.616	1	1	131
633.702	1	1	122
633.789	1	1	127
633.875	1	1	131
633.961	1	1	132
634.047	1	1	130
634.133	1	1	126
634.219	1	1	127
634.305	1	1	135
634.391	1	1	127
634.478	1	1	129
634.564	1	1	129
634.650	1	1	127
634.736	1	1	130
634.822	1	1	129
634.908	1	1	133
634.994	1	1	132
635.080	1	1	131
635.166	1	1	137
635.252	1	1	131
635.338	1	1	136
635.424	1	1	128
635.510	1	1	134
635.596	1	1	131
635.682	1	1	129
635.768	1	1	130
635.854	1	1	136
635.940	1	1	141
636.026	1	1	139
636.112	1	1	136
636.198	1	1	131
636.284	1	1	134
636.370	1	1	134
636.456	1	1	131
636.542	1	1	131
636.628	1	1	134
636.714	1	1	133
636.800	1	1	134
636.886	1	1	130
636.972	1	1	139
637.058	1	1	134
637.143	1	1	134
637.229	1	1	138
637.315	1	1	135
637.401	1	1	132
637.487	1	1	134
637.573	1	1	135
637.659	1	1	134
637.745	1	1	142
637.830	1	1	137
637.916	1	1	145
638.002	1	1	146
638.088	1	1	146
638.174	1	1	153
638.260	1	1	161
638.345	1	1	154
638.431	1	1	160
638.517	1	1	170
638.603	1	1	173
638.689	1	1	170
638.774	1	1	177
638.860	1	1	176
638.946	1	1	184
639.032	1	1	195
639.118	1	1	205
639.203	1	1	216
639.289	1	1	221
639.375	1	1	226
639.461	1	1	230
639.546	1	1	233
639.632	1	1	248
639.718	1	1	251
639.803	1	1	272
639.889	1	1	288
639.975	1	1	284
640.060	1	1	310
640.146	1	1	288
640.232	1	1	333
640.318	1	1	325
640.403	1	1	359
640.489	1	1	365
640.574	1	1	376
640.660	1	1	372
640.746	1	1	376
640.831	1	1	400
640.917	1	1	412
641.003	1	1	419
641.088	1	1	441
641.174	1	1	464
641.259	1	1	450
641.345	1	1	474
641.431	1	1	467
641.516	1	1	500
641.602	1	1	505
641.687	1	1	547
641.773	1	1	566
641.859	1	1	621
641.944	1	1	586
642.030	1	1	623
642.115	1	1	655
642.201	1	1	692
642.286	1	1	770
642.372	1	1	761
642.457	1	1	809
642.543	1	1	893
642.628	1	1	917
642.714	1	1	910
642.799	1	1	943
642.885	1	1	1044
642.970	1	1	1126
643.056	1	1	1167
643.141	1	1	1229
643.227	1	1	1345
643.312	1	1	1404
643.397	1	1	1496
643.483	1	1	1594
643.568	1	1	1711
643.654	1	1	1759
643.739	1	1	1939
643.825	1	1	2033
643.910	1	1	2185
643.995	1	1	2341
644.081	1	1	2518
644.166	1	1	2654
644.252	1	1	2785
644.337	1	1	2987
644.422	1	1	3162
644.508	1	1	3293
644.593	1	1	3477
644.678	1	1	3740
644.764	1	1	3941
644.849	1	1	4115
644.934	1	1	4256
645.020	1	1	4525
645.105	1	1	4762
645.190	1	1	5022
645.276	1	1	5290
645.361	1	1	5546
645.446	1	1	5804
645.531	1	1	5950
645.617	1	1	6199
645.702	1	1	6506
645.787	1	1	6764
645.873	1	1	6882
645.958	1	1	7323
646.043	1	1	7596
646.128	1	1	7583
646.214	1	1	7815
646.299	1	1	8228
646.384	1	1	8431
646.469	1	1	8825
646.554	1	1	8824
646.640	1	1	9246
646.725	1	1	9265
646.810	1	1	9470
646.895	1	1	9749
646.980	1	1	9763
647.066	1	1	9841
647.151	1	1	9814
647.236	1	1	9882
647.321	1	1	9902
647.406	1	1	10089
647.491	1	1	10365
647.576	1	1	10488
647.662	1	1	10553
647.747	1	1	10790
647.832	1	1	11495
647.917	1	1	11478
648.002	1	1	11868
648.087	1	1	12260
648.172	1	1	12119
648.257	1	1	12181
648.342	1	1	12498
648.427	1	1	12516
648.512	1	1	12268
648.598	1	1	12394
648.683	1	1	12762
648.768	1	1	12725
648.853	1	1	12649
648.938	1	1	12616
649.023	1	1	12580
649.108	1	1	12400
649.193	1	1	12250
649.278	1	1	12299
649.363	1	1	11960
649.448	1	1	11972
649.533	1	1	11993
649.618	1	1	11574
649.703	1	1	11347
649.788	1	1	11151
649.873	1	1	11053
649.958	1	1	10671
650.043	1	1	10467
650.127	1	1	10171
650.212	1	1	9686
650.297	1	1	9483
650.382	1	1	9189
650.467	1	1	9255
650.552	1	1	9016
650.637	1	1	8836
650.722	1	1	8844
650.807	1	1	8641
650.892	1	1	8554
650.977	1	1	8315
651.061	1	1	8195
651.146	1	1	7872
651.231	1	1	7656
651.316	1	1	7473
651.401	1	1	7158
651.486	1	1	7152
651.571	1	1	6882
651.655	1	1	6614
651.740	1	1	6433
651.825	1	1	6261
651.910	1	1	6176
651.995	1	1	5874
652.079	1	1	5711
652.164	1	1	5492
652.249	1	1	5353
652.334	1	1	5244
652.419	1	1	4972
652.503	1	1	4912
652.588	1	1	4747
652.673	1	1	4661
652.758	1	1	4524
652.842	1	1	4397
652.927	1	1	4242
653.012	1	1	4007
653.096	1	1	3985
653.181	1	1	3818
653.266	1	1	3804
653.351	1	1	3611
653.435	1	1	3562
653.520	1	1	3364
653.605	1	1	3296
653.689	1	1	3176
653.774	1	1	3050
653.859	1	1	2828
653.943	1	1	2774
654.028	1	1	2604
654.113	1	1	2595
654.197	1	1	2536
654.282	1	1	2330
654.367	1	1	2318
654.451	1	1	2200
654.536	1	1	2014
654.620	1	1	1941
654.705	1	1	1867
654.790	1	1	1801
654.874	1	1	1645
654.959	1	1	1587
655.043	1	1	1531
655.128	1	1	1462
655.212	1	1	1400
655.297	1	1	1266
655.382	1	1	1209
655.466	1	1	1109
655.551	1	1	1073
655.635	1	1	995
655.720	1	1	945
655.804	1	1	880
655.889	1	1	813
655.973	1	1	809
656.058	1	1	738
656.142	1	1	703
656.227	1	1	662
656.311	1	1	631
656.396	1	1	573
656.480	1	1	533
656.565	1	1	561
656.649	1	1	510
656.734	1	1	462
656.818	1	1	439
656.902	1	1	411
656.987	1	1	440
657.071	1	1	396
657.156	1	1	379
657.240	1	1	359
657.325	1	1	349
657.409	1	1	321
657.493	1	1	293
657.578	1	1	308
657.662	1	1	278
657.746	1	1	266
657.831	1	1	268
657.915	1	1	268
658.000	1	1	266
658.084	1	1	259
658.168	1	1	255
658.253	1	1	252
658.337	1	1	244
658.421	1	1	239
658.506	1	1	232
658.590	1	1	225
658.674	1	1	230
658.758	1	1	214
658.843	1	1	196
658.927	1	1	202
659.011	1	1	204
659.096	1	1	195
659.180	1	1	199
659.264	1	1	195
659.348	1	1	182
659.433	1	1	184
659.517	1	1	180
659.601	1	1	174
659.685	1	1	176
659.770	1	1	163
659.854	1	1	160
659.938	1	1	158
660.022	1	1	164
660.106	1	1	156
660.191	1	1	149
660.275	1	1	151
660.359	1	1	158
660.443	1	1	155
660.527	1	1	152
660.611	1	1	154
660.696	1	1	143
660.780	1	1	151
660.864	1	1	147
660.948	1	1	141
661.032	1	1	144
661.116	1	1	147
661.200	1	1	143
661.284	1	1	136
661.369	1	1	145
661.453	1	1	140
661.537	1	1	135
661.621	1	1	140
661.705	1	1	136
661.789	1	1	141
661.873	1	1	133
661.957	1	1	136
662.041	1	1	140
662.125	1	1	138
662.209	1	1	138
662.293	1	1	142
662.377	1	1	134
662.461	1	1	135
662.545	1	1	131
662.629	1	1	133
662.713	1	1	132
662.797	1	1	135
662.881	1	1	132
662.965	1	1	130
663.049	1	1	138
663.133	1	1	130
663.217	1	1	132
663.301	1	1	133
663.385	1	1	133
663.469	1	1	127
663.553	1	1	129
663.637	1	1	132
663.721	1	1	132
663.805	1	1	132
663.889	1	1	131
663.973	1	1	128
664.057	1	1	132
664.140	1	1	129
664.224	1	1	128
664.308	1	1	136
664.392	1	1	131
664.476	1	1	133
664.560	1	1	131
664.644	1	1	128
664.727	1	1	131
664.811	1	1	128
664.895	1	1	131
664.979	1	1	128
665.063	1	1	133
665.147	1	1	131
665.230	1	1	131
665.314	1	1	129
665.398	1	1	129
665.482	1	1	129
665.566	1	1	132
665.649	1	1	131
665.733	1	1	131
665.817	1	1	129
665.901	1	1	127
665.984	1	1	136
666.068	1	1	135
666.152	1	1	130
666.236	1	1	129
666.319	1	1	133
666.403	1	1	131
666.487	1	1	136
666.571	1	1	128
666.654	1	1	133
666.738	1	1	128
666.822	1	1	131
666.905	1	1	134
666.989	1	1	130
667.073	1	1	132
667.156	1	1	133
667.240	1	1	129
667.324	1	1	127
667.407	1	1	128
667.491	1	1	126
667.575	1	1	131
667.658	1	1	130
667.742	1	1	131
667.825	1	1	127
667.909	1	1	132
667.993	1	1	130
668.076	1	1	133
668.160	1	1	128
668.243	1	1	132
668.327	1	1	132
668.411	1	1	131
668.494	1	1	133
668.578	1	1	131
668.661	1	1	133
