631.029	1	1	142
631.115	1	1	149
631.201	1	1	157
631.288	1	1	158
631.374	1	1	151
631.460	1	1	156
631.547	1	1	151
631.633	1	1	157
631.719	1	1	156
631.805	1	1	147
631.892	1	1	150
631.978	1	1	154
632.064	1	1	160
632.151	1	1	163
632.237	1	1	153
632.323	1	1	157
632.409	1	1	148
632.496	1	1	149
632.582	1	1	145
632.668	1	1	147
632.754	1	1	154
632.841	1	1	149
632.927	1	1	149
633.013	1	1	147
633.099	1	1	151
633.185	1	1	147
633.272	1	1	144
633.358	1	1	148
633.444	1	1	151
633.530	1	1	160
633.616	1	1	149
633.702	1	1	155
633.789	1	1	158
633.875	1	1	153
633.961	1	1	176
634.047	1	1	165
634.133	1	1	169
634.219	1	1	179
634.305	1	1	179
634.391	1	1	186
634.478	1	1	188
634.564	1	1	198
634.650	1	1	192
634.736	1	1	206
634.822	1	1	206
634.908	1	1	213
634.994	1	1	228
635.080	1	1	218
635.166	1	1	235
635.252	1	1	259
635.338	1	1	247
635.424	1	1	250
635.510	1	1	259
635.596	1	1	246
635.682	1	1	260
635.768	1	1	269
635.854	1	1	257
635.940	1	1	274
636.026	1	1	266
636.112	1	1	286
636.198	1	1	260
636.284	1	1	258
636.370	1	1	262
636.456	1	1	266
636.542	1	1	272
636.628	1	1	273
636.714	1	1	261
636.800	1	1	254
636.886	1	1	285
636.972	1	1	270
637.058	1	1	260
637.143	1	1	262
637.229	1	1	262
637.315	1	1	274
637.401	1	1	273
637.487	1	1	258
637.573	1	1	291
637.659	1	1	292
637.745	1	1	301
637.830	1	1	313
637.916	1	1	340
638.002	1	1	354
638.088	1	1	360
638.174	1	1	382
638.260	1	1	372
638.345	1	1	413
638.431	1	1	440
638.517	1	1	442
638.603	1	1	470
638.689	1	1	508
638.774	1	1	532
638.860	1	1	558
638.946	1	1	590
639.032	1	1	626
639.118	1	1	650
639.203	1	1	647
639.289	1	1	677
639.375	1	1	694
639.461	1	1	615
639.546	1	1	686
639.632	1	1	622
639.718	1	1	641
639.803	1	1	596
639.889	1	1	611
639.975	1	1	604
640.060	1	1	603
640.146	1	1	590
640.232	1	1	557
640.318	1	1	527
640.403	1	1	460
640.489	1	1	404
640.574	1	1	361
640.660	1	1	326
640.746	1	1	345
640.831	1	1	363
640.917	1	1	379
641.003	1	1	386
641.088	1	1	383
641.174	1	1	375
641.259	1	1	351
641.345	1	1	315
641.431	1	1	278
641.516	1	1	256
641.602	1	1	265
641.687	1	1	275
641.773	1	1	292
641.859	1	1	343
641.944	1	1	365
642.030	1	1	384
642.115	1	1	425
642.201	1	1	459
642.286	1	1	428
642.372	1	1	416
642.457	1	1	368
642.543	1	1	315
642.628	1	1	251
642.714	1	1	221
642.799	1	1	184
642.885	1	1	168
642.970	1	1	165
643.056	1	1	162
643.141	1	1	178
643.227	1	1	193
643.312	1	1	247
643.397	1	1	359
643.483	1	1	504
643.568	1	1	727
643.654	1	1	936
643.739	1	1	1113
643.825	1	1	1363
643.910	1	1	1543
643.995	1	1	1711
644.081	1	1	2004
644.166	1	1	2315
644.252	1	1	2812
644.337	1	1	3335
644.422	1	1	4032
644.508	1	1	4626
644.593	1	1	5173
644.678	1	1	5702
644.764	1	1	6118
644.849	1	1	6265
644.934	1	1	6721
645.020	1	1	6741
645.105	1	1	6924
645.190	1	1	6941
645.276	1	1	6937
645.361	1	1	6883
645.446	1	1	6564
645.531	1	1	6209
645.617	1	1	5803
645.702	1	1	5130
645.787	1	1	4626
645.873	1	1	3898
645.958	1	1	3252
646.043	1	1	2749
646.128	1	1	2074
646.214	1	1	1509
646.299	1	1	1136
646.384	1	1	799
646.469	1	1	578
646.554	1	1	414
646.640	1	1	310
646.725	1	1	252
646.810	1	1	221
646.895	1	1	209
646.980	1	1	193
647.066	1	1	189
647.151	1	1	188
647.236	1	1	198
647.321	1	1	199
647.406	1	1	194
647.491	1	1	205
647.576	1	1	217
647.662	1	1	216
647.747	1	1	239
647.832	1	1	268
647.917	1	1	326
648.002	1	1	390
648.087	1	1	540
648.172	1	1	705
648.257	1	1	978
648.342	1	1	1254
648.427	1	1	1684
648.512	1	1	2135
648.598	1	1	2642
648.683	1	1	3177
648.768	1	1	3690
648.853	1	1	4501
648.938	1	1	4974
649.023	1	1	5588
649.108	1	1	5989
649.193	1	1	6520
649.278	1	1	6867
649.363	1	1	7254
649.448	1	1	7363
649.533	1	1	7365
649.618	1	1	6856
649.703	1	1	6474
649.788	1	1	5851
649.873	1	1	5179
649.958	1	1	4454
650.043	1	1	3843
650.127	1	1	3345
650.212	1	1	2986
650.297	1	1	2889
650.382	1	1	2914
650.467	1	1	3129
650.552	1	1	3638
650.637	1	1	4228
650.722	1	1	5196
650.807	1	1	6401
650.892	1	1	7818
650.977	1	1	9257
651.061	1	1	10424
651.146	1	1	11454
651.231	1	1	12136
651.316	1	1	12500
651.401	1	1	12853
651.486	1	1	13054
651.571	1	1	13351
651.655	1	1	13044
651.740	1	1	12869
651.825	1	1	12637
651.910	1	1	12415
651.995	1	1	12198
652.079	1	1	11737
652.164	1	1	11448
652.249	1	1	11211
652.334	1	1	10814
652.419	1	1	10595
652.503	1	1	10430
652.588	1	1	10079
652.673	1	1	9939
652.758	1	1	9333
652.842	1	1	9225
652.927	1	1	8943
653.012	1	1	8583
653.096	1	1	8186
653.181	1	1	7953
653.266	1	1	7797
653.351	1	1	7526
653.435	1	1	7150
653.520	1	1	6938
653.605	1	1	6728
653.689	1	1	6458
653.774	1	1	6158
653.859	1	1	5915
653.943	1	1	5733
654.028	1	1	5378
654.113	1	1	5158
654.197	1	1	4986
654.282	1	1	4861
654.367	1	1	4569
654.451	1	1	4350
654.536	1	1	4111
654.620	1	1	3999
654.705	1	1	3706
654.790	1	1	3512
654.874	1	1	3299
654.959	1	1	3125
655.043	1	1	3066
655.128	1	1	2801
655.212	1	1	2681
655.297	1	1	2508
655.382	1	1	2389
655.466	1	1	2139
655.551	1	1	2051
655.635	1	1	1939
655.720	1	1	1820
655.804	1	1	1739
655.889	1	1	1621
655.973	1	1	1541
656.058	1	1	1403
656.142	1	1	1379
656.227	1	1	1295
656.311	1	1	1204
656.396	1	1	1139
656.480	1	1	1079
656.565	1	1	1027
656.649	1	1	940
656.734	1	1	879
656.818	1	1	820
656.902	1	1	848
656.987	1	1	763
657.071	1	1	748
657.156	1	1	670
657.240	1	1	660
657.325	1	1	618
657.409	1	1	602
657.493	1	1	594
657.578	1	1	545
657.662	1	1	555
657.746	1	1	521
657.831	1	1	466
657.915	1	1	499
658.000	1	1	461
658.084	1	1	475
658.168	1	1	430
658.253	1	1	406
658.337	1	1	413
658.421	1	1	380
658.506	1	1	407
658.590	1	1	380
658.674	1	1	370
658.758	1	1	378
658.843	1	1	350
658.927	1	1	363
659.011	1	1	346
659.096	1	1	326
659.180	1	1	356
659.264	1	1	362
659.348	1	1	332
659.433	1	1	310
659.517	1	1	311
659.601	1	1	320
659.685	1	1	306
659.770	1	1	297
659.854	1	1	291
659.938	1	1	312
660.022	1	1	294
660.106	1	1	281
660.191	1	1	287
660.275	1	1	275
660.359	1	1	264
660.443	1	1	271
660.527	1	1	257
660.611	1	1	256
660.696	1	1	245
660.780	1	1	253
660.864	1	1	252
660.948	1	1	244
661.032	1	1	244
661.116	1	1	241
661.200	1	1	238
661.284	1	1	237
661.369	1	1	226
661.453	1	1	213
661.537	1	1	216
661.621	1	1	215
661.705	1	1	214
661.789	1	1	215
661.873	1	1	200
661.957	1	1	202
662.041	1	1	196
662.125	1	1	194
662.209	1	1	192
662.293	1	1	197
662.377	1	1	183
662.461	1	1	181
662.545	1	1	189
662.629	1	1	194
662.713	1	1	175
662.797	1	1	170
662.881	1	1	186
662.965	1	1	168
663.049	1	1	169
663.133	1	1	173
663.217	1	1	177
663.301	1	1	166
663.385	1	1	164
663.469	1	1	160
663.553	1	1	166
663.637	1	1	163
663.721	1	1	170
663.805	1	1	172
663.889	1	1	166
663.973	1	1	165
664.057	1	1	164
664.140	1	1	159
664.224	1	1	159
664.308	1	1	171
664.392	1	1	158
664.476	1	1	146
664.560	1	1	155
664.644	1	1	166
664.727	1	1	153
664.811	1	1	150
664.895	1	1	156
664.979	1	1	150
665.063	1	1	159
665.147	1	1	155
665.230	1	1	150
665.314	1	1	150
665.398	1	1	154
665.482	1	1	151
665.566	1	1	150
665.649	1	1	150
665.733	1	1	155
665.817	1	1	158
665.901	1	1	160
665.984	1	1	149
666.068	1	1	143
666.152	1	1	145
666.236	1	1	144
666.319	1	1	155
666.403	1	1	147
666.487	1	1	137
666.571	1	1	145
666.654	1	1	144
666.738	1	1	139
666.822	1	1	144
666.905	1	1	151
666.989	1	1	148
667.073	1	1	146
667.156	1	1	146
667.240	1	1	144
667.324	1	1	145
667.407	1	1	147
667.491	1	1	147
667.575	1	1	149
667.658	1	1	154
667.742	1	1	145
667.825	1	1	147
667.909	1	1	143
667.993	1	1	147
668.076	1	1	143
668.160	1	1	141
668.243	1	1	144
668.327	1	1	143
668.411	1	1	151
668.494	1	1	149
668.578	1	1	155
668.661	1	1	155
