8500 0 1.325 0 1.755 2480 0.272 1.373 0.748 1.812
8000 0 1.323 0 1.751 2470 0.261 1.389 0.726 1.861
7500 0 1.322 0 1.746 2465 0.254 1.397 0.710 1.886
7000 0 1.320 0 1.742 2460 0.250 1.401 0.699 1.900
6500 0 1.318 0 1.736 2455 0.243 1.407 0.683 1.920
6000 0 1.315 0 1.730 2450 0.236 1.412 0.667 1.937
5500 0 1.313 0 1.723 2440 0.227 1.419 0.643 1.962
5000 0 1.309 0.0007 1.715 2430 0.219 1.426 0.624 1.985
4500 0 1.305 0 1.703 2420 0.212 1.434 0.607 2.011
4250 0 1.302 0 1.695 2410 0.204 1.443 0.590 2.040
4000 0 1.298 0 1.684 2400 0.196 1.453 0.568 2.072
3950 0 1.296 0.0004 1.681 2390 0.182 1.464 0.534 2.111
3930 0.0004 1.296 0.0010 1.679 2380 0.169 1.473 0.497 2.141
3925 0.0005 1.295 0.0022 1.678 2370 0.154 1.479 0.455 2.164
3920 0.0006 1.296 0.0015 1.678 2360 0.138 1.483 0.409 2.179
3915 0.0007 1.295 0.0019 1.678 2350 0.122 1.484 0.363 2.186
3910 0.0008 1.296 0.0013 1.679 2340 0.105 1.482 0.311 2.184
3900 0.0011 1.295 0.0030 1.677 2330 0.0919 1.478 0.272 2.177
3890 0.0014 1.295 0.0036 1.677 2320 0.0803 1.474 0.237 2.166
3870 0.0017 1.295 0.0044 1.677 2310 0.0702 1.469 0.206 2.152
3850 0.0019 1.295 0.0048 1.677 2300 0.0612 1.463 0.180 2.137
3800 0.0016 1.295 0.0042 1.677 2280 0.0466 1.450 0.135 2.101
3750 0.0012 1.294 0.0030 1.674 2260 0.0367 1.440 0.106 2.071
3700 0.0009 1.293 0.0023 1.671 2240 0.0293 1.430 0.0839 2.043
3650 0.0007 1.291 0.0019 1.668 2220 0.0231 1.420 0.0658 2.016
3600 0.0006 1.290 0.0016 1.664 2200 0.0187 1.412 0.0528 1.995
3550 0.0007 1.288 0.0018 1.660 2180 0.0148 1.405 0.0416 1.973
3500 0.0008 1.287 0.0021 1.655 2160 0.0119 1.398 0.0334 1.955
3450 0.0010 1.285 0.0026 1.651 2140 0.0097 1.392 0.0269 1.938
3400 0.0011 1.283 0.0027 1.647 2125 0.0082 1.388 0.0227 1.926
3350 0.0009 1.281 0.0024 1.641 2100 0.0063 1.381 0.0173 1.908
3300 0.0007 1.279 0.0017 1.635 2050 0.0038 1.370 0.0105 1.878
3250 0.0005 1.276 0.0013 1.628 2000 0.0026 1.361 0.0071 1.853
3200 0.0005 1.273 0.0013 1.619 1950 0.0021 1.354 0.0057 1.832
3150 0.0006 1.269 0.0014 1.609 1900 0.0021 1.347 0.0056 1.815
3100 0.0008 1.264 0.0020 1.598 1850 0.0026 1.341 0.0069 1.799
3080 0.0009 1.262 0.0022 1.593 1800 0.0034 1.336 0.0092 1.785
3060 0.0010 1.260 0.0025 1.588 1750 0.0046 1.332 0.0123 1.773
3040 0.0011 1.258 0.0028 1.582 1700 0.0061 1.328 0.0161 1.763
3020 0.0012 1.255 0.0031 1.576 1675 0.0070 1.326 0.0185 1.758
3000 0.0014 1.253 0.0035 1.570 1650 0.0082 1.324 0.0217 1.753
2960 0.0018 1.247 0.0046 1.554 1625 0.0093 1.323 0.0247 1.750
2920 0.0022 1.239 0.0054 1.536 1600 0.0105 1.322 0.0278 1.748
2900 0.0023 1.235 0.0056 1.526 1580 0.0114 1.322 0.0301 1.747
2880 0.0024 1.230 0.0059 1.513 1560 0.0118 1.321 0.0313 1.746
2860 0.0026 1.224 0.0063 1.499 1550 0.0119 1.321 0.0314 1.746
2840 0.0028 1.218 0.0069 1.483 1540 0.0118 1.321 0.0313 1.746
2820 0.0033 1.209 0.0079 1.462 1520 0.0114 1.321 0.0302 1.745
2800 0.0040 1.199 0.0096 1.438 1500 0.0108 1.320 0.0285 1.743
2780 0.0053 1.187 0.0126 1.409 1475 0.0099 1.319 0.0260 1.739
2760 0.0086 1.169 0.0200 1.365 1450 0.0088 1.317 0.0233 1.734
2750 0.0118 1.158 0.0274 1.340 1425 0.0078 1.314 0.0205 1.727
2740 0.0172 1.145 0.0394 1.312 1400 0.0072 1.310 0.0189 1.717
2730 0.0260 1.132 0.0588 1.281 1375 0.0072 1.306 0.0188 1.706
2720 0.0424 1.116 0.0948 1.245 1350 0.0077 1.301 0.0201 1.692
2710 0.0607 1.107 0.134 1.221 1325 0.0091 1.294 0.0236 1.674
2700 0.0809 1.102 0.178 1.208 1300 0.0123 1.284 0.0315 1.649
2690 0.101 1.101 0.221 1.202 1280 0.0175 1.274 0.0447 1.622
2680 0.119 1.103 0.263 1.202 1270 0.0223 1.267 0.0565 1.605
2670 0.137 1.106 0.303 1.205 1260 0.0321 1.257 0.0807 1.580
2660 0.157 1.112 0.349 1.213 1255 0.0369 1.254 0.0925 1.571
2650 0.174 1.119 0.388 1.222 1250 0.0460 1.250 0.115 1.559
2640 0.190 1.127 0.428 1.235 1245 0.0534 1.247 0.133 1.553
2630 0.205 1.138 0.466 1.253 1240 0.0665 1.246 0.166 1.548
2620 0.219 1.150 0.502 1.275 1235 0.0817 1.248 0.204 1.550
2610 0.232 1.167 0.543 1.307 1230 0.0924 1.252 0.231 1.558
2600 0.242 1.182 0.572 1.338 1225 0.109 1.262 0.274 1.580
2590 0.249 1.197 0.596 1.370 1220 0.118 1.272 0.301 1.603
2580 0.254 1.211 0.615 1.402 1215 0.129 1.292 0.332 1.652
2570 0.258 1.224 0.632 1.433 1210 0.131 1.315 0.345 1.712
2550 0.266 1.251 0.665 1.495 1205 0.128 1.330 0.341 1.753
2530 0.276 1.276 0.704 1.552 1200 0.118 1.349 0.318 1.807
2520 0.282 1.292 0.727 1.589 1195 0.108 1.359 0.294 1.835
2510 0.285 1.310 0.747 1.634 1190 0.0925 1.368 0.253 1.863
2505 0.286 1.322 0.755 1.665 1185 0.0772 1.371 0.212 1.874
2500 0.285 1.334 0.761 1.698 1180 0.0684 1.371 0.187 1.875
2490 0.281 1.354 0.760 1.756 1175 0.0577 1.368 0.158 1.869
1170 0.0523 1.366 0.143 1.863 925 0.0262 1.322 0.0694 1.747
1160 0.0427 1.360 0.116 1.847 900 0.0265 1.321 0.0701 1.744
1150 0.0360 1.353 0.0973 1.830 875 0.0268 1.320 0.0709 1.741
1140 0.0321 1.349 0.0866 1.819 850 0.0273 1.319 0.0719 1.738
1130 0.0293 1.345 0.0788 1.808 825 0.0281 1.317 0.0739 1.733
1110 0.0273 1.338 0.0732 1.790 800 0.0293 1.316 0.0772 1.730
1100 0.0269 1.336 0.0720 1.784 775 0.0312 1.313 0.0820 1.724
1075 0.0259 1.332 0.0691 1.774 750 0.0342 1.312 0.0898 1.721
1050 0.0256 1.329 0.0680 1.767 725 0.0389 1.309 0.102 1.712
1025 0.0254 1.327 0.0675 1.761 715 0.0440 1.311 0.115 1.717
1000 0.0255 1.326 0.0685 1.757 710 0.0433 1.311 0.114 1.718
975 0.0256 1.324 0.0679 1.753 950 0.0259 1.323 0.0685 1.750